0.13932
0.27864
0.53406
0.67338
0.81270
0.92880
1.06812
1.20744
1.34676
1.46286
1.99692
2.53098
3.04181
4.10993
4.64399
4.89941
5.17805
5.96753
6.22295
6.75701
7.29107
7.82512
9.40408
9.93814
10.47220
11.26168
11.51710
12.58522
13.11927
13.37469
14.44281
14.69823
15.23229
15.74313
17.34531
17.87937
18.27410
18.66884
19.45832
19.99238
20.24780
20.52644
21.06050
21.57134
22.10540
22.63946
23.17351
24.21841
24.49705
25.28653
25.42585
25.82059
27.14413
27.39955
27.93361
28.46766
29.25714
30.04662
30.58068
30.83610
31.11474
32.69370
33.90113
41.16898
41.95846
42.37642
42.49252
42.74794
42.88726
43.02658
43.28200
43.42132
43.81605
44.35011
45.39501
46.46313
48.32073
48.57615
49.11020
49.62104
51.22322
51.75728
53.87029
56.51737
57.05143
58.09633
59.69850
61.02204
61.27746
61.81152
62.34558
62.60100
63.13506
63.92454
64.45859
64.71401
64.99265
65.24807
66.03755
66.57161
67.10567
67.63973
67.77905
69.49732
69.75274
70.28680
70.79764
71.61034
71.86576
72.39982
72.91066
73.18930
73.72336
74.51283
75.04689
76.25433
76.37043
79.27293
81.38594
84.31166
84.84571
85.10113
85.24045
85.37977
85.63519
85.77451
85.89061
86.02993
86.16925
87.21415
87.74821
88.81633
90.39528
90.92934
91.97424
94.08726
95.68943
96.20027
97.80245
98.33651
100.44952
102.56254
102.95728
103.63066
104.16472
104.67556
106.27773
107.60127
107.85669
108.39075
111.03782
112.10594
113.15084
114.21896
116.33197
116.86603
117.37687
118.97905
119.51311
119.90785
120.30259
121.09206
121.62612
121.76544
122.16018
122.94966
123.20508
123.73914
123.87846
124.27320
124.52862
124.80726
124.94658
125.31810
125.59673
125.85215
126.13079
126.64163
126.92027
127.45433
127.59365
127.96517
128.12771
128.77787
129.03329
129.17261
129.56735
129.82277
130.10141
130.24073
130.86766
131.42494
131.68036
131.81968
132.21442
132.35374
132.74848
133.00390
133.79338
134.32744
134.46676
134.86150
135.11692
135.25624
135.39556
135.53488
135.65098
136.18503
136.32435
136.44045
136.57977
136.71909
137.11383
137.22993
137.48535
137.76399
138.01941
138.27483
138.55347
139.06431
139.34295
139.59837
139.87701
140.15565
140.66649
141.20054
141.33986
141.45596
141.71138
141.99002
142.24544
142.52408
142.77950
143.31356
143.84762
144.10304
144.38168
144.91574
145.58912
145.70522
145.96063
146.21605
146.49469
146.75011
147.00553
147.28417
147.53959
147.81823
148.07365
148.60771
149.14177
149.65261
149.81515
149.93125
150.18667
150.46531
150.72073
150.97615
151.25478
151.78884
152.32290
152.57832
152.85696
155.50404
157.61705
158.68517
159.73007
160.51955
160.79819
160.93751
161.33224
161.44834
161.84308
162.12172
162.26104
162.91120
163.44526
163.95610
165.55828
166.09234
166.88181
167.67129
168.20535
170.31837
171.38649
171.92054
172.43138
173.49950
175.35710
175.61252
176.14658
178.25959
178.79365
179.18839
179.86177
180.90667
181.97478
182.76426
184.08780
184.62186
185.13270
186.73488
188.84789
189.38195
192.02902
192.56308
193.60798